8,15
10,157
10,75
10,209
10,29
10,279
10,229
10,2
10,3
9,5
9,1
9,7
9,2
9,3
8,14
8,17
8,8
8,7
52,3
52,2
52,1
51,3
51,1
50,4
50,3
50,1
48,3
48,1
45,3
45,1
43,3
43,1
41,3
41,1
39,4
39,3
39,1
34,3
34,1
31,3
31,1
20,3
20,2
20,1
19,3
19,2
19,1
12,3
12,2
12,1
11,29
11,28
11,27
11,26
11,25
11,24
11,23
11,22
11,21
11,20
11,19
11,18
11,17
11,16
11,15
11,14
11,13
11,12
11,11
11,10
11,9
11,8
11,7
11,6
11,5
11,4
11,3
11,2
11,1
11,0
10,313
10,312
10,311
10,310
10,309
18,1
10,308
18,3
10,307
14,1
14,3
10,306
10,305
13,1
10,304
13,3
10,303
10,301
10,299
10,298
10,297
10,296
10,295
10,294
10,288
10,282
10,264
